0 -1
1 -1
2 -1
3 -1
4 -1
5 0
6 0
7 0
8 0
9 1
10 1
11 1
12 1
13 1
14 2
15 2
16 2
17 2
18 3
19 3
20 3
21 3
22 4
23 4
24 4
25 4
26 4
27 5
28 5
29 5
30 5
31 6
32 6
33 6
34 6
35 7
36 7
37 7
38 7
39 7
40 8
41 8
42 8
43 8
44 9
45 9
46 9
47 9
48 9
49 10
50 10
51 10
52 10
53 11
54 11
55 11
56 11
57 12
58 12
59 12
60 12
61 12
62 13
63 13
64 13
65 13
66 14
67 14
68 14
69 14
70 15
71 15
72 15
73 15
74 15
75 16
76 16
77 16
78 16
79 17
80 17
81 17
82 17
83 18
84 18
85 18
86 18
87 18
88 19
89 19
90 19
91 19
92 20
93 20
94 20
95 20
96 20
97 21
98 21
99 21
100 21
101 22
102 22
103 22
104 22
105 23
106 23
107 23
108 23
109 23
110 24
111 24
112 24
113 24
114 25
115 25
116 25
117 25
118 26
119 26
120 26
121 26
122 26
123 27
124 27
125 27
126 27
127 28
128 28
129 28
130 28
131 28
132 29
133 29
134 29
135 29
136 30
137 30
138 30
139 30
140 31
141 31
142 31
143 31
144 31
145 32
146 32
147 32
148 32
149 33
150 33
151 33
152 33
153 34
154 34
155 34
156 34
157 34
158 35
159 35
160 35
161 35
162 36
163 36
164 36
165 36
166 37
167 37
168 37
169 37
170 37
171 38
172 38
173 38
174 38
175 39
176 39
177 39
178 39
179 39
180 40
181 40
182 40
183 40
184 41
185 41
186 41
187 41
188 42
189 42
190 42
191 42
192 42
193 43
194 43
195 43
196 43
197 44
198 44
199 44
200 44
201 45
202 45
203 45
204 45
205 45
206 46
207 46
208 46
209 46
210 47
211 47
212 47
213 47
214 47
215 48
216 48
217 48
218 48
219 49
220 49
221 49
222 49
223 50
224 50
225 50
226 50
227 50
228 51
229 51
230 51
231 51
232 52
233 52
234 52
235 52
236 53
237 53
238 53
239 53
240 53
241 54
242 54
243 54
244 54
245 55
246 55
247 55
248 55
249 56
250 56
251 56
252 56
253 56
254 57
255 57
256 57
257 57
258 58
259 58
260 58
261 58
262 58
263 59
264 59
265 59
266 59
267 60
268 60
269 60
270 60
271 61
272 61
273 61
274 61
275 61
276 62
277 62
278 62
279 62
280 63
281 63
282 63
283 63
284 64
285 64
286 64
287 64
288 64
289 65
290 65
291 65
292 65
293 66
294 66
295 66
296 66
297 66
298 67
299 67
300 67
301 67
302 68
303 68
304 68
305 68
306 69
307 69
308 69
309 69
310 69
311 70
312 70
313 70
314 70
315 71
316 71
317 71
318 71
319 72
320 72
321 72
322 72
323 72
324 73
325 73
326 73
327 73
328 74
329 74
330 74
331 74
332 75
333 75
334 75
335 75
336 75
337 76
338 76
339 76
340 76
341 77
342 77
343 77
344 77
345 77
346 78
347 78
348 78
349 78
350 79
351 79
352 79
353 79
354 80
355 80
356 80
357 80
358 80
359 81
360 81
361 81
362 81
363 82
364 82
365 82
366 82
367 83
368 83
369 83
370 83
371 83
372 84
373 84
374 84
375 84
376 85
377 85
378 85
379 85
380 85
381 86
382 86
383 86
384 86
385 87
386 87
387 87
388 87
389 88
390 88
391 88
392 88
393 88
394 89
395 89
396 89
397 89
398 90
399 90
400 90
401 90
402 91
403 91
404 91
405 91
406 91
407 92
408 92
409 92
410 92
411 93
412 93
413 93
414 93
415 94
416 94
417 94
418 94
419 94
420 95
421 95
422 95
423 95
424 96
425 96
426 96
427 96
428 96
429 97
430 97
431 97
432 97
433 98
434 98
435 98
436 98
437 99
438 99
439 99
440 99
441 99
442 100
443 100
444 100
445 100
446 101
447 101
448 101
449 101
450 102
451 102
452 102
453 102
454 102
455 103
456 103
457 103
458 103
459 104
460 104
461 104
462 104
463 104
464 105
465 105
466 105
467 105
468 106
469 106
470 106
471 106
472 107
473 107
474 107
475 107
476 107
477 108
478 108
479 108
480 108
481 109
482 109
483 109
484 109
485 110
486 110
487 110
488 110
489 110
490 111
491 111
492 111
493 111
494 112
495 112
496 112
497 112
498 113
499 113
500 113
501 113
502 113
503 114
504 114
505 114
506 114
507 115
508 115
509 115
510 115
511 115
512 116
513 116
514 116
515 116
516 117
517 117
518 117
519 117
520 118
521 118
522 118
523 118
524 118
525 119
526 119
527 119
528 119
529 120
530 120
531 120
532 120
533 121
534 121
535 121
536 121
537 121
538 122
539 122
540 122
541 122
542 123
543 123
544 123
545 123
546 123
547 124
548 124
549 124
550 124
551 125
552 125
553 125
554 125
555 126
556 126
557 126
558 126
559 126
560 127
561 127
562 127
563 127
564 128
565 128
566 128
567 128
568 129
569 129
570 129
571 129
572 129
573 130
574 130
575 130
576 130
577 131
578 131
579 131
580 131
581 132
582 132
583 132
584 132
585 132
586 133
587 133
588 133
589 133
590 134
591 134
592 134
593 134
594 134
595 135
596 135
597 135
598 135
599 136
600 136
601 136
602 136
603 137
604 137
605 137
606 137
607 137
608 138
609 138
610 138
611 138
612 139
613 139
614 139
615 139
616 140
617 140
618 140
619 140
620 140
621 141
622 141
623 141
624 141
625 142
626 142
627 142
628 142
629 142
630 143
631 143
632 143
633 143
634 144
635 144
636 144
637 144
638 145
639 145
640 145
641 145
642 145
643 146
644 146
645 146
646 146
647 147
648 147
649 147
650 147
651 148
652 148
653 148
654 148
655 148
656 149
657 149
658 149
659 149
660 150
661 150
662 150
663 150
664 151
665 151
666 151
667 151
668 151
669 152
670 152
671 152
672 152
673 153
674 153
675 153
676 153
677 153
678 154
679 154
680 154
681 154
682 155
683 155
684 155
685 155
686 156
687 156
688 156
689 156
690 156
691 157
692 157
693 157
694 157
695 158
696 158
697 158
698 158
699 159
700 159
701 159
702 159
703 159
704 160
705 160
706 160
707 160
708 161
709 161
710 161
711 161
712 161
713 162
714 162
715 162
716 162
717 163
718 163
719 163
720 163
721 164
722 164
723 164
724 164
725 164
726 165
727 165
728 165
729 165
730 166
731 166
732 166
733 166
734 167
735 167
736 167
737 167
738 167
739 168
740 168
741 168
742 168
743 169
744 169
745 169
746 169
747 170
748 170
749 170
750 170
751 170
752 171
753 171
754 171
755 171
756 172
757 172
758 172
759 172
760 172
761 173
762 173
763 173
764 173
765 174
766 174
767 174
768 174
769 175
770 175
771 175
772 175
773 175
774 176
775 176
776 176
777 176
778 177
779 177
780 177
781 177
782 178
783 178
784 178
785 178
786 178
787 179
788 179
789 179
790 179
791 180
792 180
793 180
794 180
795 180
796 181
797 181
798 181
799 181
800 182
801 182
802 182
803 182
804 183
805 183
806 183
807 183
808 183
809 184
810 184
811 184
812 184
813 185
814 185
815 185
816 185
817 186
818 186
819 186
820 186
821 186
822 187
823 187
824 187
825 187
826 188
827 188
828 188
829 188
830 189
831 189
832 189
833 189
834 189
835 190
836 190
837 190
838 190
839 191
840 191
841 191
842 191
843 191
844 192
845 192
846 192
847 192
848 193
849 193
850 193
851 193
852 194
853 194
854 194
855 194
856 194
857 195
858 195
859 195
860 195
861 196
862 196
863 196
864 196
865 197
866 197
867 197
868 197
869 197
870 198
871 198
872 198
873 198
874 199
875 199
876 199
877 199
878 199
879 200
880 200
881 200
882 200
883 201
884 201
885 201
886 201
887 202
888 202
889 202
890 202
891 202
892 203
893 203
894 203
895 203
896 204
897 204
898 204
899 204
900 205
901 205
902 205
903 205
904 205
905 206
906 206
907 206
908 206
909 207
910 207
911 207
912 207
913 208
914 208
915 208
916 208
917 208
918 209
919 209
920 209
921 209
922 210
923 210
924 210
925 210
926 210
927 211
928 211
929 211
930 211
931 212
932 212
933 212
934 212
935 213
936 213
937 213
938 213
939 213
940 214
941 214
942 214
943 214
944 215
945 215
946 215
947 215
948 216
949 216
950 216
951 216
952 216
953 217
954 217
955 217
956 217
957 218
958 218
959 218
960 218
961 218
962 219
963 219
964 219
965 219
966 220
967 220
968 220
969 220
970 221
971 221
972 221
973 221
974 221
975 222
976 222
977 222
978 222
979 223
980 223
981 223
982 223
983 224
984 224
985 224
986 224
987 224
988 225
989 225
990 225
991 225
992 226
993 226
994 226
995 226
996 227
997 227
998 227
999 227
1000 227
1001 228
1002 228
1003 228
1004 228
1005 229
1006 229
1007 229
1008 229
1009 229
1010 230
1011 230
1012 230
1013 230
1014 231
1015 231
1016 231
1017 231
1018 232
1019 232
1020 232
1021 232
1022 232
1023 233
1024 233
