101010111100110000
110100011000100101
111010100111011100
101010011010000100
010100000111011111
001111001001010100
000110001111011111
111101000110010101
101101110011101001
110001101100001000
101111010111110000
000000010110001101
111101010010101110
000000101111110110
101011111001100111
101001001011010100
111101010011011000
000001101111111010
101101111011100011
100000101010100101
100011010000000011
010101111111111001
011110111111101000
001101110010111011
011110111010011000
000110000000110100
001101001000101010
010010111111101100
110011110100011001
110010111110111101
010110011101111011
100100001101000011
000110011111000011
010110100000111110
100001000101110000
011111010010000100
101100110001000001
101110010110111000
011100100101111010
101010000011111011
101111111101101101
101011010110011001
101011000111110011
011000101100000110
010011010000101100
100110110011010001
001110101110100111
110000000001010100
111001100111001010
000100101101010110
010011101111100101
011111101000101101
110010101001110010
111010001100100101
001101100111010101
001100010001100011
110110111101000011
110010010110101100
000101101111011100
111100110111111001
100101100101111111
011101110111110101
101111001001001101
010110111100100011
001101110110110101
111011000111110101
100000001101110010
111001000110101110
001100111001100001
101001010011010110
111110100101011011
011101101100000000
010111000111110010
111010111100000001
001000100011110101
110111101011000010
101100110111111100
111001001010010000
110111010010111110
100000010110101101
110101000101011110
011101011010100010
000101001110001000
110111111000010011
011110101111100110
101110011001010000
001101000001001100
000101110011111111
001000010101000011
000110111100111111
110010001011000000
010010100010001110
111101000101011011
111011010101100110
110011110000111011
100110011000000000
110111100101111110
011011100011110001
111111010101101000
110001011001101001
001100000010111010
101000011101000111
110101101011111001
111110101101001100
011100110011111111
110111001111001001
101111000110001110
000101101101001010
101111011110000101
100011011011001100
000000000100010110
110001100001010111
001000001111111101
100110010001111000
001011000001010100
110001111011011110
001101111010110101
101010001000010001
100101110110100101
110001110100000101
111011011111111111
111100011001010101
011101111101110000
011011100100010011
000100111101000100
110010111101110110
001010110110111110
001010111110000001
111100001110100101
111111011010111011
010101111110111100
011111101001011110
010101100010100001
000100010101110010
011001010010111110
010111011100110111
000111011100001101
001000011101101000
101000010100000110
111011010100000110
100100101101110000
101010111111101011
101111100101010101
011010000111001010
011010011101001110
110110110101001111
101100101011000001
100100000011110111
011001110101111000
110111110111100000
101110100001110111
101000111000001111
000111110111100001
011011001010000111
101110110001110010
000000011000100000
000010101011000011
111100001110111111
011100111001001101
001010001000011111
110101001110100010
011101010010101010
111100101011100101
111010011011010110
001110111111010001
100011011111101111
010010000000110001
111101011101101001
101111101010000011
110111010001010110
011011110000100101
100001000110001110
010011111100100101
001000011101101000
001110010111100101
000011100010001110
100011010110101010
000101100010000000
110010100101100111
001001111000000110
111001111110100110
011011000000110101
000001100001001100
000001011101100011
110100111010011110
001011101001011100
011100111001000000
011000100101001101
001101101001011111
010000100010011001
010001011101111111
101111100000110010
111001000100001110
111111011101010110
111010111010001010
101010000010000110
111111111010100000
101111010100110111
111000011011101010
001011001100111001
011100110000001010
001010001000101100
111111110100110100
101110010101011010
110101110000101011
010100010011011000
010011110101001101
100110011000101010
111100011010101000
011011111010110001
100011010010101111
000111000001100011
100110110010110111
001111001110001001
000100010110001011
100101000011001010
011011010010000000
010100011101001100
110001000001000001
101100101011010010
111111011101110001
110110011110101010
010000111110111110
010001100001100010
000001010101000001
011011101000110111
111000001000000101
011001001011001001
000001101110100110
101110011111000001
110010111001010001
000111010000110001
110111011111111010
001011100001000001
111101000011011001
101011110011010001
010001101111111010
010110111110100101
110110100000000100
001000001000000111
011100000011000001
100000100001101101
101000001100001111
100111110010110110
110111110001000101
011100111001100011
011111100010111100
001011001010011011
010011011000101111
011110001011000000
000011100000011101
110100000001100110
011111100110010000
000101100001101100
100010111110000001
010111101000100111
010011011111100010
111011010011010110
001110111111101101
011100001100110110
111011000001011100
001010010100010101
001001111011111110
011001000111110111
000110001011111010
010000000001011110
111110111001111101
100000101110011101
101111001000011100
000110000001100110
000001111010010100
010100010010111101
111011110010001100
001101110000011001
101001111100000000
110001110001100110
010100011110110110
101001100101011011
001100100101010111
011100010001010000
000101110000010011
100010000001101111
001011111000101100
010111001110000010
110110100001000101
000111001101000110
011111111001110000
111001011011111000
101001111101101010
010110110010111010
010100110010111010
011110110001000100
100101001100101010
111010011010111100
110101000101001001
001010001011010100
100100010101100011
010011000010101001
011000111110011001
000100110000100100
101000101111110110
111100111110000011
001011100001110100
110000010111000100
100010001001010010
011000001000111111
111101000000111011
111100100011101100
000101010110010010
001101101111001010
010001111111110101
011111111110001111
001000111010110011
100110110010100001
100001101100000110
001110101110011110
001010110000001000
100011000011000001
011111010111100011
110001010101011110
111011011000110000
000100101101001100
000001001011010100
110101010001111100
111000111010110111
110101010000101100
001110110111001010
000010000001111111
110110100111011100
101011000111011100
100011101011000011
101111011011101111
010011110100110011
000000001110010101
011011111000101100
100100110010100100
001000101111011011
101010010001010110
011110110100000110
010001011011010001
010011111101100010
000010110101000111
001000001100001100
011101101010100001
110100010110010111
110011110111101111
001100011000100011
110000000100110010
000101111001010000
000001011010000100
011010110010000010
000100111011000001
011111001011101101
101100100100000010
111111100111100011
111001001100110110
011011100001101100
000101010111010000
111100101000001010
111000001001000010
100110010011001101
100000101101101110
101001100001110101
001010000101110101
001000000000111001
001010010100010011
101010011100110100
111001000111000100
110110110101101110
001011100011110110
000010111111111011
100111000010101010
100101101110011110
001111011101001011
010111110000000101
011101110101001110
010001011100111000
110010101011010000
000110100100001011
100110101111000110
111111010010100110
011001111011010111
001000101010100101
111101101011001001
111111110111111000
001000111010010110
000100100001101111
100011001000101010
010110100111000000
100001001001001101
110110001001111111
010101000010110011
001011111110110000
001010011011001000
000000000100100110
111101010101000000
101111101110000000
000010111001110101
100000110000010100
100111110111001110
110010001010010100
010100011101111000
110010110110010000
010111110111010010
100011001011001101
101100000101011100
110111001110001000
001000000011001110
011000110100011110
011001110011011100
110101100100100110
110111010011100001
101111011110010001
010100000001100011
110000011111100100
000010111111011110
100011110111101010
111111001001000000
011001011111000000
001011100010110000
100010100101011100
010001001100011101
100101101010010010
110000001101101011
001101001000011011
000001100110000001
100001110001101101
111111101111000110
000001100010100001
110000010000110100
100101010001010100
100101011100011000
100110000011010100
111011100110000011
000110000001001111
111000011011100000
100110110101010111
000001001111110100
001111000011111110
110110110010111001
110000000010100000
010010101101111100
010010000100011100
001100000100001100
001101000010001010
011000010010011110
101011110010110111
101011011110001000
010001110000111011
101001110011000110
100110111110001110
001000110101101111
000110111110010111
011101111110010111
100001110111111100
010010000111000010
100101011010000110
011101111000100001
100100000110100100
111001101110010000
000101111000010100
001100111111100111
100000100001101100
001100011100111011
101001000111000111
001010011010001111
010110111110111111
000011001001011011
000101001011010101
000110010010011010
101001101011101101
011110100010100110
110001011001110111
110011111100100111
100101011001000101
011101110010101111
010001010100001000
111110001011100010
010001000110010110
010001101000111110
000011000101010010
001110010101100010
010010100000100010
110010100110110000
111010010111111010
101101000001110011
000010000000000011
100011010101010000
101010000101101010
010110101100010001
010001100101100010
110010101100100110
000100010101000000
011110100100000110
101010000011000101
110011010110101110
110100110011000100
101000011000000101
111001001100111000
111111100110101100